0.000000 0.000000
0.025000 0.000000
0.050000 0.000000
0.075000 0.000000
0.100000 0.000000
0.125000 0.000000
0.150000 0.000000
0.175000 0.000000
0.200000 0.000000
0.225000 0.000000
0.250000 0.000000
0.275000 0.000000
0.300000 0.000000
0.325000 0.000000
0.350000 0.000000
0.375000 0.000000
0.400000 0.000000
0.425000 0.000000
0.450000 0.000000
0.475000 0.000000
0.500000 0.000000
0.525000 0.000000
0.550000 0.000000
0.575000 0.000000
0.600000 0.000000
0.625000 0.000000
0.650000 0.000000
0.675000 0.000000
0.700000 0.000000
0.725000 0.000000
0.750000 0.000000
0.775000 0.000010
0.800000 0.000130
0.825000 0.000877
0.850000 0.003972
0.875000 0.013546
0.900000 0.037163
0.925000 0.085545
0.950000 0.170212
0.975000 0.299418
1.000000 0.474086
1.025000 0.685870
1.050000 0.918512
1.075000 1.151962
1.100000 1.367454
1.125000 1.551521
1.150000 1.697751
1.175000 1.806281
1.200000 1.881827
1.225000 1.931316
1.250000 1.961912
1.275000 1.979709
1.300000 1.988915
1.325000 1.991080
1.350000 1.984154
1.375000 1.961812
1.400000 1.914016
1.425000 1.829607
1.450000 1.700510
1.475000 1.525887
1.500000 1.314119
1.525000 1.081484
1.550000 0.848036
1.575000 0.632545
1.600000 0.448479
1.625000 0.302249
1.650000 0.193719
1.675000 0.118173
1.700000 0.068684
1.725000 0.038078
1.750000 0.020161
1.775000 0.010208
1.800000 0.004948
1.825000 0.002299
1.850000 0.001025
1.875000 0.000439
1.900000 0.000181
1.925000 0.000072
1.950000 0.000027
1.975000 0.000000
