0.000000 0.000000
0.001000 0.005262
0.002000 0.010525
0.003000 0.015787
0.004000 0.021050
0.005000 0.026314
0.006000 0.031578
0.007000 0.036843
0.008000 0.042108
0.009000 0.047374
0.010000 0.052641
0.011000 0.057910
0.012000 0.063179
0.013000 0.068449
0.014000 0.073720
0.015000 0.078993
0.016000 0.084266
0.017000 0.089540
0.018000 0.094815
0.019000 0.100091
0.020000 0.105368
0.021000 0.110645
0.022000 0.115924
0.023000 0.121201
0.024000 0.126480
0.025000 0.131757
0.026000 0.137036
0.027000 0.142312
0.028000 0.147589
0.029000 0.152863
0.030000 0.158136
0.031000 0.163407
0.032000 0.168675
0.033000 0.173940
0.034000 0.179201
0.035000 0.184459
0.036000 0.189711
0.037000 0.194959
0.038000 0.200200
0.039000 0.205435
0.040000 0.210663
0.041000 0.215882
0.042000 0.221094
0.043000 0.226294
0.044000 0.231486
0.045000 0.236664
0.046000 0.241831
0.047000 0.246985
0.048000 0.252124
0.049000 0.257249
0.050000 0.262355
0.051000 0.267447
0.052000 0.272518
0.053000 0.277571
0.054000 0.282603
0.055000 0.287611
0.056000 0.292599
0.057000 0.297559
0.058000 0.302496
0.059000 0.307405
0.060000 0.312285
0.061000 0.317137
0.062000 0.321955
0.063000 0.326743
0.064000 0.331496
0.065000 0.336212
0.066000 0.340894
0.067000 0.345534
0.068000 0.350137
0.069000 0.354699
0.070000 0.359214
0.071000 0.363690
0.072000 0.368116
0.073000 0.372495
0.074000 0.376827
0.075000 0.381104
0.076000 0.385333
0.077000 0.389506
0.078000 0.393622
0.079000 0.397686
0.080000 0.401686
0.081000 0.405627
0.082000 0.409510
0.083000 0.413324
0.084000 0.417077
0.085000 0.420764
0.086000 0.424378
0.087000 0.427929
0.088000 0.431406
0.089000 0.434808
0.090000 0.438141
0.091000 0.441396
0.092000 0.444572
0.093000 0.447675
0.094000 0.450695
0.095000 0.453632
0.096000 0.456493
0.097000 0.459265
0.098000 0.461953
0.099000 0.464560
0.100000 0.467074
0.101000 0.469499
0.102000 0.471841
0.103000 0.474088
0.104000 0.476241
0.105000 0.478308
0.106000 0.480278
0.107000 0.482149
0.108000 0.483933
0.109000 0.485618
0.110000 0.487201
0.111000 0.488692
0.112000 0.490087
0.113000 0.491375
0.114000 0.492566
0.115000 0.493664
0.116000 0.494655
0.117000 0.495542
0.118000 0.496336
0.119000 0.497027
0.120000 0.497608
0.121000 0.498092
0.122000 0.498480
0.123000 0.498758
0.124000 0.498930
0.125000 0.499009
0.126000 0.498987
0.127000 0.498853
0.128000 0.498618
0.129000 0.498291
0.130000 0.497861
0.131000 0.497319
0.132000 0.496681
0.133000 0.495952
0.134000 0.495120
0.135000 0.494179
0.136000 0.493143
0.137000 0.492020
0.138000 0.490798
0.139000 0.489468
0.140000 0.488043
0.141000 0.486536
0.142000 0.484938
0.143000 0.483237
0.144000 0.481438
0.145000 0.479557
0.146000 0.477596
0.147000 0.475546
0.148000 0.473397
0.149000 0.471158
0.150000 0.468845
0.151000 0.466460
0.152000 0.463991
0.153000 0.461431
0.154000 0.458785
0.155000 0.456068
0.156000 0.453289
0.157000 0.450442
0.158000 0.447515
0.159000 0.444506
0.160000 0.441421
0.161000 0.438276
0.162000 0.435078
0.163000 0.431826
0.164000 0.428513
0.165000 0.425130
0.166000 0.421677
0.167000 0.418159
0.168000 0.414588
0.169000 0.410971
0.170000 0.407316
0.171000 0.403624
0.172000 0.399893
0.173000 0.396121
0.174000 0.392306
0.175000 0.388446
0.176000 0.384544
0.177000 0.380601
0.178000 0.376619
0.179000 0.372603
0.180000 0.368554
0.181000 0.364475
0.182000 0.360369
0.183000 0.356238
0.184000 0.352084
0.185000 0.347909
0.186000 0.343716
0.187000 0.339506
0.188000 0.335281
0.189000 0.331042
0.190000 0.326793
0.191000 0.322535
0.192000 0.318269
0.193000 0.313997
0.194000 0.309722
0.195000 0.305444
0.196000 0.301167
0.197000 0.296891
0.198000 0.292618
0.199000 0.288350
0.200000 0.284089
0.201000 0.279836
0.202000 0.275593
0.203000 0.271361
0.204000 0.267142
0.205000 0.262938
0.206000 0.258750
0.207000 0.254579
0.208000 0.250427
0.209000 0.246296
0.210000 0.242186
0.211000 0.238100
0.212000 0.234037
0.213000 0.230001
0.214000 0.225991
0.215000 0.222009
0.216000 0.218057
0.217000 0.214135
0.218000 0.210245
0.219000 0.206387
0.220000 0.202563
0.221000 0.198774
0.222000 0.195020
0.223000 0.191303
0.224000 0.187623
0.225000 0.183982
0.226000 0.180379
0.227000 0.176817
0.228000 0.173295
0.229000 0.169815
0.230000 0.166377
0.231000 0.162982
0.232000 0.159630
0.233000 0.156323
0.234000 0.153060
0.235000 0.149842
0.236000 0.146670
0.237000 0.143545
0.238000 0.140465
0.239000 0.137433
0.240000 0.134449
0.241000 0.131512
0.242000 0.128624
0.243000 0.125784
0.244000 0.122993
0.245000 0.120251
0.246000 0.117558
0.247000 0.114915
0.248000 0.112321
0.249000 0.109778
0.250000 0.107285
0.251000 0.104842
0.252000 0.102449
0.253000 0.100107
0.254000 0.097815
0.255000 0.095574
0.256000 0.093384
0.257000 0.091244
0.258000 0.089155
0.259000 0.087117
0.260000 0.085130
0.261000 0.083193
0.262000 0.081307
0.263000 0.079472
0.264000 0.077687
0.265000 0.075953
0.266000 0.074269
0.267000 0.072636
0.268000 0.071053
0.269000 0.069520
0.270000 0.068037
0.271000 0.066604
0.272000 0.065222
0.273000 0.063889
0.274000 0.062606
0.275000 0.061372
0.276000 0.060188
0.277000 0.059054
0.278000 0.057968
0.279000 0.056932
0.280000 0.055945
0.281000 0.055007
0.282000 0.054117
0.283000 0.053277
0.284000 0.052485
0.285000 0.051741
0.286000 0.051046
0.287000 0.050400
0.288000 0.049801
0.289000 0.049251
0.290000 0.048749
0.291000 0.048295
0.292000 0.047889
0.293000 0.047531
0.294000 0.047221
0.295000 0.046958
0.296000 0.046743
0.297000 0.046576
0.298000 0.046457
0.299000 0.046386
0.300000 0.046362
0.301000 0.046386
0.302000 0.046457
0.303000 0.046576
0.304000 0.046743
0.305000 0.046958
0.306000 0.047221
0.307000 0.047531
0.308000 0.047889
0.309000 0.048295
0.310000 0.048749
0.311000 0.049251
0.312000 0.049801
0.313000 0.050400
0.314000 0.051046
0.315000 0.051741
0.316000 0.052485
0.317000 0.053277
0.318000 0.054117
0.319000 0.055007
0.320000 0.055945
0.321000 0.056932
0.322000 0.057968
0.323000 0.059054
0.324000 0.060188
0.325000 0.061372
0.326000 0.062606
0.327000 0.063889
0.328000 0.065222
0.329000 0.066604
0.330000 0.068037
0.331000 0.069520
0.332000 0.071053
0.333000 0.072636
0.334000 0.074269
0.335000 0.075953
0.336000 0.077687
0.337000 0.079472
0.338000 0.081307
0.339000 0.083193
0.340000 0.085130
0.341000 0.087117
0.342000 0.089155
0.343000 0.091244
0.344000 0.093384
0.345000 0.095574
0.346000 0.097815
0.347000 0.100107
0.348000 0.102449
0.349000 0.104842
0.350000 0.107285
0.351000 0.109778
0.352000 0.112321
0.353000 0.114915
0.354000 0.117558
0.355000 0.120251
0.356000 0.122993
0.357000 0.125784
0.358000 0.128624
0.359000 0.131512
0.360000 0.134449
0.361000 0.137433
0.362000 0.140465
0.363000 0.143545
0.364000 0.146670
0.365000 0.149842
0.366000 0.153060
0.367000 0.156323
0.368000 0.159630
0.369000 0.162982
0.370000 0.166377
0.371000 0.169815
0.372000 0.173295
0.373000 0.176817
0.374000 0.180379
0.375000 0.183982
0.376000 0.187623
0.377000 0.191303
0.378000 0.195020
0.379000 0.198774
0.380000 0.202563
0.381000 0.206387
0.382000 0.210245
0.383000 0.214135
0.384000 0.218057
0.385000 0.222009
0.386000 0.225991
0.387000 0.230001
0.388000 0.234037
0.389000 0.238100
0.390000 0.242186
0.391000 0.246296
0.392000 0.250427
0.393000 0.254579
0.394000 0.258750
0.395000 0.262938
0.396000 0.267142
0.397000 0.271361
0.398000 0.275593
0.399000 0.279836
0.400000 0.284089
0.401000 0.288350
0.402000 0.292618
0.403000 0.296891
0.404000 0.301167
0.405000 0.305444
0.406000 0.309722
0.407000 0.313997
0.408000 0.318269
0.409000 0.322535
0.410000 0.326793
0.411000 0.331042
0.412000 0.335281
0.413000 0.339506
0.414000 0.343716
0.415000 0.347909
0.416000 0.352084
0.417000 0.356238
0.418000 0.360370
0.419000 0.364477
0.420000 0.368557
0.421000 0.372609
0.422000 0.376631
0.423000 0.380620
0.424000 0.384575
0.425000 0.388493
0.426000 0.392374
0.427000 0.396214
0.428000 0.400012
0.429000 0.403766
0.430000 0.407474
0.431000 0.411134
0.432000 0.414744
0.433000 0.418302
0.434000 0.421807
0.435000 0.425256
0.436000 0.428647
0.437000 0.431980
0.438000 0.435251
0.439000 0.438460
0.440000 0.441604
0.441000 0.444682
0.442000 0.447692
0.443000 0.450632
0.444000 0.453501
0.445000 0.456297
0.446000 0.459018
0.447000 0.461664
0.448000 0.464232
0.449000 0.466721
0.450000 0.469129
0.451000 0.471456
0.452000 0.473700
0.453000 0.475859
0.454000 0.477932
0.455000 0.479919
0.456000 0.481817
0.457000 0.483626
0.458000 0.485345
0.459000 0.486973
0.460000 0.488509
0.461000 0.489951
0.462000 0.491300
0.463000 0.492553
0.464000 0.493711
0.465000 0.494773
0.466000 0.495738
0.467000 0.496606
0.468000 0.497376
0.469000 0.498047
0.470000 0.498620
0.471000 0.499093
0.472000 0.499467
0.473000 0.499741
0.474000 0.499915
0.475000 0.499990
0.476000 0.499964
0.477000 0.499839
0.478000 0.499614
0.479000 0.499289
0.480000 0.498864
0.481000 0.498340
0.482000 0.497717
0.483000 0.496995
0.484000 0.496176
0.485000 0.495258
0.486000 0.494244
0.487000 0.493133
0.488000 0.491926
0.489000 0.490623
0.490000 0.489227
0.491000 0.487737
0.492000 0.486154
0.493000 0.484479
0.494000 0.482714
0.495000 0.480859
0.496000 0.478915
0.497000 0.476883
0.498000 0.474766
0.499000 0.472563
0.500000 0.470276
0.501000 0.467907
0.502000 0.465457
0.503000 0.462927
0.504000 0.460319
0.505000 0.457633
0.506000 0.454873
0.507000 0.452039
0.508000 0.449132
0.509000 0.446155
0.510000 0.443110
0.511000 0.439997
0.512000 0.436818
0.513000 0.433576
0.514000 0.430271
0.515000 0.426907
0.516000 0.423484
0.517000 0.420005
0.518000 0.416470
0.519000 0.412883
0.520000 0.409246
0.521000 0.405559
0.522000 0.401824
0.523000 0.398045
0.524000 0.394222
0.525000 0.390358
0.526000 0.386455
0.527000 0.382514
0.528000 0.378538
0.529000 0.374528
0.530000 0.370486
0.531000 0.366415
0.532000 0.362316
0.533000 0.358191
0.534000 0.354042
0.535000 0.349872
0.536000 0.345681
0.537000 0.341473
0.538000 0.337248
0.539000 0.333008
0.540000 0.328757
0.541000 0.324495
0.542000 0.320223
0.543000 0.315945
0.544000 0.311662
0.545000 0.307376
0.546000 0.303087
0.547000 0.298799
0.548000 0.294513
0.549000 0.290230
0.550000 0.285952
0.551000 0.281681
0.552000 0.277418
0.553000 0.273165
0.554000 0.268923
0.555000 0.264695
0.556000 0.260480
0.557000 0.256282
0.558000 0.252101
0.559000 0.247938
0.560000 0.243796
0.561000 0.239675
0.562000 0.235576
0.563000 0.231501
0.564000 0.227451
0.565000 0.223427
0.566000 0.219431
0.567000 0.215463
0.568000 0.211524
0.569000 0.207616
0.570000 0.203739
0.571000 0.199895
0.572000 0.196084
0.573000 0.192307
0.574000 0.188566
0.575000 0.184860
0.576000 0.181191
0.577000 0.177559
0.578000 0.173965
0.579000 0.170409
0.580000 0.166893
0.581000 0.163417
0.582000 0.159982
0.583000 0.156587
0.584000 0.153233
0.585000 0.149922
0.586000 0.146652
0.587000 0.143426
0.588000 0.140242
0.589000 0.137101
0.590000 0.134004
0.591000 0.130951
0.592000 0.127942
0.593000 0.124977
0.594000 0.122056
0.595000 0.119180
0.596000 0.116348
0.597000 0.113561
0.598000 0.110818
0.599000 0.108120
0.600000 0.105467
0.601000 0.102858
0.602000 0.100293
0.603000 0.097773
0.604000 0.095298
0.605000 0.092866
0.606000 0.090478
0.607000 0.088134
0.608000 0.085834
0.609000 0.083577
0.610000 0.081363
0.611000 0.079192
0.612000 0.077063
0.613000 0.074977
0.614000 0.072932
0.615000 0.070929
0.616000 0.068968
0.617000 0.067047
0.618000 0.065166
0.619000 0.063326
0.620000 0.061525
0.621000 0.059764
0.622000 0.058041
0.623000 0.056357
0.624000 0.054711
0.625000 0.053102
0.626000 0.051530
0.627000 0.049995
0.628000 0.048496
0.629000 0.047032
0.630000 0.045603
0.631000 0.044209
0.632000 0.042849
0.633000 0.041523
0.634000 0.040229
0.635000 0.038968
0.636000 0.037739
0.637000 0.036542
0.638000 0.035375
0.639000 0.034239
0.640000 0.033133
0.641000 0.032056
0.642000 0.031008
0.643000 0.029988
0.644000 0.028995
0.645000 0.028031
0.646000 0.027092
0.647000 0.026180
0.648000 0.025294
0.649000 0.024432
0.650000 0.023596
0.651000 0.022783
0.652000 0.021994
0.653000 0.021228
0.654000 0.020485
0.655000 0.019764
0.656000 0.019064
0.657000 0.018385
0.658000 0.017727
0.659000 0.017089
0.660000 0.016471
0.661000 0.015872
0.662000 0.015292
0.663000 0.014730
0.664000 0.014186
0.665000 0.013659
0.666000 0.013149
0.667000 0.012656
0.668000 0.012178
0.669000 0.011717
0.670000 0.011270
0.671000 0.010839
0.672000 0.010422
0.673000 0.010019
0.674000 0.009629
0.675000 0.009253
0.676000 0.008890
0.677000 0.008539
0.678000 0.008201
0.679000 0.007874
0.680000 0.007559
0.681000 0.007255
0.682000 0.006962
0.683000 0.006679
0.684000 0.006407
0.685000 0.006144
0.686000 0.005891
0.687000 0.005648
0.688000 0.005413
0.689000 0.005187
0.690000 0.004969
0.691000 0.004760
0.692000 0.004559
0.693000 0.004365
0.694000 0.004178
0.695000 0.003999
0.696000 0.003827
0.697000 0.003661
0.698000 0.003502
0.699000 0.003349
0.700000 0.003202
0.701000 0.003061
0.702000 0.002926
0.703000 0.002796
0.704000 0.002671
0.705000 0.002551
0.706000 0.002437
0.707000 0.002327
0.708000 0.002221
0.709000 0.002120
0.710000 0.002023
0.711000 0.001930
0.712000 0.001841
0.713000 0.001755
0.714000 0.001674
0.715000 0.001596
0.716000 0.001521
0.717000 0.001449
0.718000 0.001381
0.719000 0.001315
0.720000 0.001252
0.721000 0.001192
0.722000 0.001135
0.723000 0.001080
0.724000 0.001028
0.725000 0.000978
0.726000 0.000930
0.727000 0.000885
0.728000 0.000841
0.729000 0.000800
0.730000 0.000760
0.731000 0.000722
0.732000 0.000686
0.733000 0.000652
0.734000 0.000619
0.735000 0.000588
0.736000 0.000558
0.737000 0.000529
0.738000 0.000502
0.739000 0.000477
0.740000 0.000452
0.741000 0.000429
0.742000 0.000407
0.743000 0.000385
0.744000 0.000365
0.745000 0.000346
0.746000 0.000328
0.747000 0.000311
0.748000 0.000294
0.749000 0.000279
0.750000 0.000264
0.751000 0.000250
0.752000 0.000236
0.753000 0.000223
0.754000 0.000211
0.755000 0.000200
0.756000 0.000189
0.757000 0.000179
0.758000 0.000169
0.759000 0.000160
0.760000 0.000151
0.761000 0.000142
0.762000 0.000134
0.763000 0.000127
0.764000 0.000120
0.765000 0.000113
0.766000 0.000107
0.767000 0.000101
0.768000 0.000095
0.769000 0.000090
0.770000 0.000084
0.771000 0.000080
0.772000 0.000075
0.773000 0.000071
0.774000 0.000067
0.775000 0.000063
0.776000 0.000059
0.777000 0.000056
0.778000 0.000052
0.779000 0.000049
0.780000 0.000046
0.781000 0.000044
0.782000 0.000041
0.783000 0.000039
0.784000 0.000036
0.785000 0.000034
0.786000 0.000032
0.787000 0.000030
0.788000 0.000028
0.789000 0.000027
0.790000 0.000025
0.791000 0.000023
0.792000 0.000022
0.793000 0.000021
0.794000 0.000019
0.795000 0.000018
0.796000 0.000017
0.797000 0.000016
0.798000 0.000015
0.799000 0.000014
0.800000 0.000013
0.801000 0.000012
0.802000 0.000012
0.803000 0.000011
0.804000 0.000010
0.805000 0.000009
0.806000 0.000009
0.807000 0.000008
0.808000 0.000008
0.809000 0.000007
0.810000 0.000007
0.811000 0.000006
0.812000 0.000006
0.813000 0.000006
0.814000 0.000005
0.815000 0.000005
0.816000 0.000005
0.817000 0.000004
0.818000 0.000004
0.819000 0.000004
0.820000 0.000003
0.821000 0.000003
0.822000 0.000003
0.823000 0.000003
0.824000 0.000003
0.825000 0.000002
0.826000 0.000002
0.827000 0.000002
0.828000 0.000002
0.829000 0.000002
0.830000 0.000002
0.831000 0.000002
0.832000 0.000001
0.833000 0.000001
0.834000 0.000001
0.835000 0.000001
0.836000 0.000001
0.837000 0.000001
0.838000 0.000001
0.839000 0.000001
0.840000 0.000001
0.841000 0.000001
0.842000 0.000001
0.843000 0.000001
0.844000 0.000001
0.845000 0.000001
0.846000 0.000001
0.847000 0.000000
0.848000 0.000000
0.849000 0.000000
0.850000 0.000000
0.851000 0.000000
0.852000 0.000000
0.853000 0.000000
0.854000 0.000000
0.855000 0.000000
0.856000 0.000000
0.857000 0.000000
0.858000 0.000000
0.859000 0.000000
0.860000 0.000000
0.861000 0.000000
0.862000 0.000000
0.863000 0.000000
0.864000 0.000000
0.865000 0.000000
0.866000 0.000000
0.867000 0.000000
0.868000 0.000000
0.869000 0.000000
0.870000 0.000000
0.871000 0.000000
0.872000 0.000000
0.873000 0.000000
0.874000 0.000000
0.875000 0.000000
0.876000 0.000000
0.877000 0.000000
0.878000 0.000000
0.879000 0.000000
0.880000 0.000000
0.881000 0.000000
0.882000 0.000000
0.883000 0.000000
0.884000 0.000000
0.885000 0.000000
0.886000 0.000000
0.887000 0.000000
0.888000 0.000000
0.889000 0.000000
0.890000 0.000000
0.891000 0.000000
0.892000 0.000000
0.893000 0.000000
0.894000 0.000000
0.895000 0.000000
0.896000 0.000000
0.897000 0.000000
0.898000 0.000000
0.899000 0.000000
0.900000 0.000000
0.901000 0.000000
0.902000 0.000000
0.903000 0.000000
0.904000 0.000000
0.905000 0.000000
0.906000 0.000000
0.907000 0.000000
0.908000 0.000000
0.909000 0.000000
0.910000 0.000000
0.911000 0.000000
0.912000 0.000000
0.913000 0.000000
0.914000 0.000000
0.915000 0.000000
0.916000 0.000000
0.917000 0.000000
0.918000 0.000000
0.919000 0.000000
0.920000 0.000000
0.921000 0.000000
0.922000 0.000000
0.923000 0.000000
0.924000 0.000000
0.925000 0.000000
0.926000 0.000000
0.927000 0.000000
0.928000 0.000000
0.929000 0.000000
0.930000 0.000000
0.931000 0.000000
0.932000 0.000000
0.933000 0.000000
0.934000 0.000000
0.935000 0.000000
0.936000 0.000000
0.937000 0.000000
0.938000 0.000000
0.939000 0.000000
0.940000 0.000000
0.941000 0.000000
0.942000 0.000000
0.943000 0.000000
0.944000 0.000000
0.945000 0.000000
0.946000 0.000000
0.947000 0.000000
0.948000 0.000000
0.949000 0.000000
0.950000 0.000000
0.951000 0.000000
0.952000 0.000000
0.953000 0.000000
0.954000 0.000000
0.955000 0.000000
0.956000 0.000000
0.957000 0.000000
0.958000 0.000000
0.959000 0.000000
0.960000 0.000000
0.961000 0.000000
0.962000 0.000000
0.963000 0.000000
0.964000 0.000000
0.965000 0.000000
0.966000 0.000000
0.967000 0.000000
0.968000 0.000000
0.969000 0.000000
0.970000 0.000000
0.971000 0.000000
0.972000 0.000000
0.973000 0.000000
0.974000 0.000000
0.975000 0.000000
0.976000 0.000000
0.977000 0.000000
0.978000 0.000000
0.979000 0.000000
0.980000 0.000000
0.981000 0.000000
0.982000 0.000000
0.983000 0.000000
0.984000 0.000000
0.985000 0.000000
0.986000 0.000000
0.987000 0.000000
0.988000 0.000000
0.989000 0.000000
0.990000 0.000000
0.991000 0.000000
0.992000 0.000000
0.993000 0.000000
0.994000 0.000000
0.995000 0.000000
0.996000 0.000000
0.997000 0.000000
0.998000 0.000000
0.999000 0.000000
